0 -1 0
0 -1 0
0 -1 0
0 -1 0
0 -1 0
0 -1 0
0 -1 0
0 -1 0
0 -1 -1
0 -1 0
0 -1 0
0 -1 0
0 -1 -1
0 -1 0
0 -1 1
0 -1 0
1 0 0
1 0 0
1 0 0
1 0 0
1 0 -2
1 0 -2
1 0 -2
1 0 0
1 0 2
1 0 1
1 0 1
1 0 0
1 0 0
1 0 0
1 0 -2
1 0 0
2 0 -1
2 0 0
2 0 0
2 0 0
2 0 1
2 0 0
2 0 -2
2 0 -2
2 0 -3
2 0 -2
2 0 -1
2 0 0
2 0 1
2 0 1
2 0 2
2 0 0
3 0 -2
3 0 -2
3 0 -2
3 0 0
3 0 -1
3 0 1
3 0 4
3 0 8
3 0 10
3 0 3
3 0 -11
3 0 -33
3 0 -46
3 0 -39
3 0 -13
3 0 38
4 0 69
4 0 73
4 0 51
4 0 0
4 0 -31
4 0 -38
4 0 -24
4 0 -2
4 0 0
4 0 -22
4 0 -54
4 0 -74
4 0 -51
4 0 0
4 0 56
4 0 90
5 0 81
5 0 39
5 0 0
5 0 -11
5 0 11
5 0 40
5 0 43
5 0 0
5 0 -96
5 0 -153
5 0 -156
5 0 -96
5 0 0
5 0 106
5 0 122
5 0 81
6 0 25
6 0 0
6 0 38
6 0 104
6 0 146
6 0 77
6 0 -47
6 0 -185
6 0 -270
6 0 -225
6 0 -96
6 0 41
6 0 119
6 0 105
6 0 31
6 0 -15
7 0 22
7 0 136
7 0 261
7 0 265
7 0 139
7 0 -77
7 0 -332
7 0 -382
7 0 -287
7 0 -110
7 0 80
7 0 98
7 0 18
7 0 -71
7 0 -37
7 0 108
8 0 305
8 0 431
8 0 392
8 0 94
8 0 -182
8 0 -359
8 0 -361
8 0 -187
8 0 -30
8 0 7
8 0 -97
8 0 -245
8 0 -264
8 0 -94
8 0 212
8 0 552
9 0 593
9 0 403
9 0 96
9 0 -146
9 0 -213
9 0 -55
9 0 97
9 0 65
9 0 -297
9 0 -658
9 0 -841
9 0 -677
9 0 0
9 0 549
9 0 838
9 0 740
10 0 300
10 0 0
10 0 30
10 0 376
10 0 761
10 0 631
10 0 0
10 0 -975
10 0 -1819
10 0 -1933
10 0 -1171
10 0 0
10 0 983
10 0 1385
10 0 867
10 0 201
11 0 0
11 0 705
11 0 1692
11 0 2252
11 0 1723
11 0 -716
11 0 -2898
11 0 -4274
11 0 -4084
11 0 -2365
11 0 753
11 0 2280
11 0 2321
11 0 1207
11 0 29
11 0 249
12 0 1912
12 0 4052
12 0 4569
12 0 2571
12 0 -1510
12 0 -5987
12 0 -8855
12 0 -7357
12 0 -3221
12 0 1468
12 0 4373
12 0 4406
12 0 1867
12 0 -94
12 0 581
12 0 4873
13 0 8758
13 0 9598
13 0 5390
13 0 -6214
13 0 -14841
13 0 -18792
13 0 -15759
13 0 -3556
13 0 6323
13 0 11475
13 0 10042
13 0 4369
13 0 -101
13 0 2748
13 0 12167
13 0 22727
14 0 22127
14 0 7830
14 0 -18767
14 0 -48051
14 0 -64899
14 0 -52294
14 0 -15794
14 0 33269
14 0 84798
14 0 93510
14 0 68957
14 0 19170
14 0 -54180
14 0 -88087
14 0 -90020
14 0 -61474
15 0 -15794
15 0 41087
15 0 61134
15 0 56680
15 0 34676
15 0 0
15 0 -17386
15 0 -20999
15 0 -14353
15 0 -3990
15 0 0
15 0 -2920
15 0 -9279
15 0 -12751
15 0 -9181
15 0 0
16 0 10530
16 0 17361
16 0 16490
16 0 9020
16 0 0
16 0 -6414
16 0 -8590
16 0 -5416
16 0 -1658
16 0 0
16 0 -1588
16 0 -4322
16 0 -5714
16 0 -4183
16 0 1641
16 0 6256
17 0 8684
17 0 7822
17 0 4297
17 0 -1311
17 0 -3886
17 0 -4053
17 0 -2499
17 0 -490
17 0 -15
17 0 -924
17 0 -2322
17 0 -2681
17 0 -1477
17 0 830
17 0 3125
17 0 4357
18 0 3407
18 0 1403
18 0 -606
18 0 -2028
18 0 -1726
18 0 -829
18 0 -112
18 0 -71
18 0 -781
18 0 -1413
18 0 -1473
18 0 -766
18 0 806
18 0 1739
18 0 1968
18 0 1458
19 0 286
19 0 -436
19 0 -646
19 0 -408
19 0 -39
19 0 51
19 0 -207
19 0 -628
19 0 -908
19 0 -700
19 0 -197
19 0 366
19 0 712
19 0 697
19 0 378
19 0 65
20 0 -53
20 0 50
20 0 226
20 0 268
20 0 96
20 0 -317
20 0 -560
20 0 -587
20 0 -393
20 0 -94
20 0 207
20 0 229
20 0 113
20 0 -14
20 0 0
20 0 146
21 0 333
21 0 423
21 0 263
21 0 0
21 0 -263
21 0 -399
21 0 -340
21 0 -158
21 0 0
21 0 47
21 0 -19
21 0 -110
21 0 -118
21 0 0
21 0 191
21 0 374
22 0 368
22 0 217
22 0 0
22 0 -226
22 0 -257
22 0 -178
22 0 -65
22 0 7
22 0 -27
22 0 -106
22 0 -156
22 0 -83
22 0 48
22 0 191
22 0 269
22 0 241
23 0 91
23 0 -40
23 0 -112
23 0 -105
23 0 -45
23 0 -1
23 0 -9
23 0 -62
23 0 -125
23 0 -125
23 0 -64
23 0 33
23 0 139
23 0 155
23 0 112
23 0 41
24 0 -16
24 0 -37
24 0 -12
24 0 15
24 0 18
24 0 -28
24 0 -73
24 0 -98
24 0 -85
24 0 -20
24 0 34
24 0 62
24 0 57
24 0 27
24 0 3
24 0 1
25 0 19
25 0 40
25 0 39
25 0 12
25 0 -28
25 0 -63
25 0 -74
25 0 -49
25 0 -13
25 0 21
25 0 43
25 0 34
25 0 20
25 0 3
25 0 -8
25 0 -8
26 0 -6
26 0 -2
26 0 0
26 0 0
26 0 1
26 0 1
26 0 2
26 0 0
26 0 -2
26 0 -2
26 0 -2
26 0 0
26 0 0
26 0 0
26 0 2
26 0 1
27 0 1
27 0 0
27 0 -1
27 0 0
27 0 0
27 0 0
27 0 0
27 0 0
27 0 1
27 0 0
27 0 0
27 0 0
27 0 -1
27 0 -2
27 0 -3
27 0 -1
28 0 0
28 0 1
28 0 1
28 0 0
28 0 0
28 0 0
28 0 0
28 0 0
28 0 -2
28 0 -1
28 0 0
28 0 0
28 0 0
28 0 0
28 0 0
28 0 0
29 0 0
29 0 0
29 0 0
29 0 0
29 0 0
29 0 0
29 0 0
29 0 0
29 0 0
29 0 0
29 0 0
29 0 0
29 0 0
29 0 0
29 0 0
29 0 0
30 0 0
30 0 0
30 0 0
30 0 0
30 0 0
30 0 0
30 0 0
30 0 0
30 0 0
30 0 0
30 0 0
30 0 0
30 0 0
30 0 0
30 0 0
30 0 0
31 0 0
31 0 0
31 0 0
31 0 0
31 0 0
31 0 0
31 0 0
31 0 0
31 0 0
31 0 0
31 0 0
31 0 0
31 0 0
31 0 0
31 0 0
31 0 0
32 0 0
32 0 0
32 0 0
32 0 0
32 0 0
32 0 0
32 0 0
32 0 0
32 0 0
32 0 0
32 0 0
32 0 0
32 0 0
32 0 0
32 0 0
32 0 0
33 0 0
33 0 0
33 0 0
33 0 0
33 0 0
33 0 0
33 0 0
33 0 0
33 0 0
33 0 0
33 0 0
33 0 0
33 0 0
33 0 0
33 0 0
33 0 0
